2.6251046665630153
13.557045441939973
7.073637388702409
19.764521819914812
8.004569890935155
9.857212659897213
12.070221905228605
7.054765551942582
8.023176550991543
10.820851474468629
4.331396058315365
6.9619692314277755
4.373745288210804
9.881709077247406
15.30874601541596
6.897570853927761
21.320122022884714
3.001616937621786
7.064586372998309
12.808782548518225
4.184297687984607
15.416991612075698
4.714947561663627
17.477438276214354
12.885425282674976
5.074118263171627
13.560913611770275
10.558200910695312
13.777657914944708
15.141973756024388
22.42350236643397
18.362502153848
2.7118864029683576
5.645499960266806
18.714200785827767
11.254807641238374
5.5131412509427395
7.823313894575487
7.184582159816346
4.74658548064213
20.889897364948165
23.249998035289728
6.666268970758799
13.997211983681483
8.901047416351512
20.043691114271596
18.8781590602563
20.831527396394318
8.515615712044958
15.087312737629784
23.57004223730968
9.180101406875401
9.136108780481777
19.058355056392713
10.739013602757163
19.04411932109577
20.79976175726429
6.320819889033342
18.357287190408385
20.228180077473123
19.489552082051375
13.213631965802705
7.583149720570005
25.712398758748858
7.672384368086428
9.798081500499315
9.364481727141719
20.086084911772645
15.727912770504508
11.788652025739779
20.995843745271056
21.02018005207112
26.301907153802993
24.752517328239954
10.50081796570968
9.73261674110503
23.67088582139972
15.417271408711539
21.66299787370722
29.700010480503714
19.42053483507324
24.185399835471607
30.96092829479482
30.15635866577533
32.02179339268092
29.13335709304241
28.661269892123215
28.05019708452093
15.463780433910568
16.483586155873837
33.466310398046915
23.1685850694888
28.575736268033324
17.236803305562745
27.02090774149935
28.474595986766847
22.133821017338597
33.104627630419124
21.008203928871378
25.473501282008783