12.427579245048907
19.810491081783027
1.220832603176868
10.545940764307105
20.43427984548033
11.871332025776535
14.512775995485226
11.39145343748514
16.47932535400107
14.73963261567882
13.417938213098264
4.8659761168173965
8.145346237598957
9.714410625046224
21.923597790437142
13.978773787154534
7.599977484749385
18.16164385162375
12.22355602207938
14.026476212896508
11.902211274040305
15.665716490908734
6.703863564478796
26.401046702498427
7.211734679713977
16.945233877372857
17.626991405949063
14.16357081750792
26.940357744442174
11.401632858762907
22.9880254834044
14.856066333682392
13.657079883272935
25.128103638204088
11.835710984135613
12.140366539460096
21.99888248840037
12.163695599128193
12.521802792243237
14.245998813722997
18.140218297974336
28.93971813289917
21.487058131331604
29.32702755205739
23.321896605733293
11.480500104729078
18.30017589124095
20.174216314761775
10.186241617997789
21.03812518509637
29.883522565853497
21.945825475163453
26.397206847497426
12.900511615159612
25.570145669400645
23.073700339902643
12.772012185809547
21.391853600378724
27.987338939030593
14.333586919446152
14.67680129981838
25.269296029290427
21.12079983625506
15.284251339315665
25.16522325158752
10.86099627966926
13.672052765994287
26.01214840057309
15.401018830148764
15.977147645431424
28.157371424566875
11.508165389758291
9.377756050731945
14.488257019103717
10.583484740256187
9.62492242917665
7.875174345888681
14.230033801477784
23.257219594837117
22.495451173104975
19.272199754987977
11.401316524013865
9.016108664647458
8.097922076639541
15.010328370470658
13.018926432810385
10.078829405118956
21.97938671392094
14.3041003069858
22.23517873950809
20.76631707659181
7.180212020023744
22.217360100130996
17.766896868093173
12.266349915807446
4.8116910823489984
11.438040825801766
6.807548240806128
15.141427012389348
18.785324301078756