10.210609125123593
18.42458396340703
5.23833106841024
4.623105046622027
5.743212315441937
1.6975137038951194
18.078989924673813
6.4662926998563375
9.922385554747992
7.303826009380828
19.478246557192694
8.271821184027075
0.10860023914989192
11.601853407385669
18.44445983992885
10.617995804725709
17.347203550523275
15.55027565902793
3.9054584471760267
10.821328986886101
14.823044963331736
7.650900723066492
12.759394535223404
19.96279112762073
11.895296859496664
3.023518185683103
18.052792178077695
6.573838395491743
15.73041043235705
17.114166927435836
19.432217491260936
2.2938648174837284
1.6711281845202852
8.697995773570682
16.856947344443498
7.880587141425495
9.041253495520147
3.463195678358184
14.531177713122803
11.000160328609345
17.194132633444784
7.6792510931319296
1.9998657763169558
14.465655617521858
1.5379858306414373
0.08275929529092396
6.288582768763944
0.8855546165557793
19.754711176707602
13.824512760369442
1.0152231197363348
3.56398780581362
1.9773403675696977
4.655931390388455
2.1028369330513064
8.139103535911099
2.1361165877208887
1.3958946394997795
10.928296166232958
15.866605323826215
11.949864043762686
16.71486941978257
4.588027296939456
1.1384825925870068
13.459221291641608
17.68259896720185
9.924091539142177
19.376281800359887
11.126233590984967
5.268398873747748
15.166746348747843
15.49125297461605
16.33985270816762
11.515401316215183
19.40050497694176
9.124551820651215
14.60878028764025
18.0689633559221
8.83577615000159
19.163034910478853
2.8689218232637304
18.1614243235464
3.7199070993008942
14.950790746293388
7.613983345880413
6.506988699352094
8.83503776690944
14.436512585713285
7.6446931002317235
14.485028527890433
7.850661205073415
8.289530215874413
4.017596647669013
11.967485812754015
6.045754869400623
12.100369578776286
0.5101163052530588
1.845326866893502
4.892453237788457
10.871110398314492